11.258427987484069 81.65719986828509 -74.23907731697801 31.825691582136386
-56.733663602660364 17.1341777627013 40.309535490640656 31.731965202591425
21.737163241119276 -10.215434745670933 32.515861471245785 -33.19543866950457
-6.2495594240364625 2.448203699264994 -21.585527892206443 -92.05342437804175
-1.9042923254766038 24.22577182887551 -98.82111250382981 -81.16445597717359
64.30288688182324 -50.21984675596913 28.122385066964313 30.6117239006133
77.50572466237253 8.180588456880258 5.341049258561156 -77.44727757640611
86.09103986835095 -78.8912831612675 79.40443721959386 -57.10174314698111
-86.62941495547116 32.65041126230565 -51.416503914736424 2.984477392408948
-40.14140147938656 42.457846862452726 -51.43215174467917 -0.1626586386115605
30.154384373445623 -91.7339624659744 54.41050166028572 49.90676771478974
41.170187794334225 -50.55364013977282 19.260327928063575 -47.812394707597946
-0.5232277753222263 53.95833816328502 -67.65906550925175 -26.743624336041066
-52.86008971472944 -75.46850852823928 -48.731267321209224 -99.65149627976896
-88.00649927211654 23.13613863622193 87.08271642494691 2.100268376264907
90.16616018647753 -79.29133280611339 42.77836215513432 93.37391512017331
-7.313541929000934 58.50517919353183 -26.936376845983176 -22.102684858229438
18.683697082743464 -25.044971847153974 -87.56566167889295 -19.96523663425633
-78.18505469940426 -18.353248975018758 -15.027714297896338 75.32662558967027
-94.76773361717402 -73.32676996832186 -63.14159158973205 62.32122966431325
-89.65713802439652 91.91315413729316 -60.505527978977966 -14.560727505820381
0.2509777306508312 70.27230793463224 -10.624942511097515 -1.5649142216653757
-80.29433951741298 18.123660959220175 65.8791396973017 54.14287943020233
33.62656915594644 52.270661715697656 78.24075057792265 -38.380747252752734
-78.57877154372821 -46.36432379408133 -88.7537892865935 -42.31331250890285
-44.733125223438066 44.13407748600571 -72.81769400133835 -11.930254535033427
77.66946247400702 -97.26197217005603 78.0783704550106 -75.77897414414672
94.02328444008671 9.511611003972419 71.5292781037891 8.233844991133424
-86.41237269742368 27.127851267309055 79.86722561591233 69.20366843484126
70.84241041164398 -68.24163397284366 -27.699999299674843 12.746584351546659
-34.48118819954844 41.50661517425519 -28.887256875240496 -61.264647115577155
-84.27321638888219 -75.31741461921608 -43.556742607433144 -31.927943475806345
-9.757591648659727 -45.06796820720105 29.53243070309128 63.588155231354136
59.80270664136941 -0.06129002633055336 -95.78549622734226 -24.267139990259267
76.08786187704689 -51.58251694958942 -13.957946120153991 -72.06755066684624
-12.810636126963914 -46.10500854706865 -75.18674730481544 -57.55596534099985
-93.75809008277783 57.19164903946657 -25.097250397456932 76.01234734937995
-89.79613154207384 -91.86814689592786 -22.03831391502831 6.886314104277432
18.43057608025167 -65.7703151495509 62.08782351106461 -4.076561952700317
49.80603508763403 -27.762776689251936 -72.78173955326417 -45.41750131646045
85.4962225614195 -6.027865615477722 -47.80160747429847 93.20576873463767
99.62053373212154 -71.10839504090238 -79.04929908690954 7.180472834013528
-10.120640432464654 51.4550127578824 12.43117509884111 -36.98770490168095
86.00024955280844 6.094561702556206 -93.8970098465703 -46.714339677893825
55.43930091722905 63.35304049169028 89.7178275468836 -8.16906606143155
-10.121319438731419 -69.67114478872702 -83.49993860451815 -96.78186979262637
-88.28514636047218 -77.60185350699999 -32.62926274138704 5.5725694309450375
-65.4819472293064 24.994102681717777 -49.9426350460731 45.68655166349231
-95.0558792823606 -66.82656223294454 -63.29167410817686 -0.19128249541304854
96.76167583988175 39.14726482389426 71.71798393381744 -39.18667674821785
40.25262780255852 -87.66348454206762 96.50542334331897 20.453464225449977
14.909894475411704 -6.690025855739194 -41.06544059062118 -68.92048633313976
-31.727830987848122 -36.213303907683155 22.110382455447592 35.968587157799504
-46.79805845440272 -60.68851653845868 -45.09634633999404 85.76022421607709
-37.80881306838408 50.23301702805665 34.377680285211454 48.86788693279783
-38.206339132592014 11.42607142611007 -25.63883438787194 -30.150908669466773
-94.69461506507966 88.42186947328162 -12.413963127304896 2.5088054631983994
-59.78207239905415 -95.55989503816204 -12.12641539628521 -72.58382683895421
40.17111760201061 13.136210958777951 -30.52898380706324 90.0260458221696
-23.720235201187137 70.07721742922854 93.8801185793888 45.30581637274122
17.729568663474055 -67.71123309327473 30.803410559735198 -26.584201755172018
8.973436144402783 43.34295555489251 -0.792902221793824 96.61995939091562
51.92348542884787 86.69376670699393 25.412399894647407 -40.14902960190141
0.19433330441853514 53.257509547991475 -50.74997264793453 -59.92250954542777
82.46083484603025 5.761247988597447 -82.46717131805124 -27.01935987888824
-64.31996748650484 77.86242858168612 3.592519656477222 18.10323587018094
78.21212309252442 -65.3624996663512 -45.33007701338532 16.85958263420129
19.35787303726093 17.82745208053518 24.68259154801538 -0.9815321344333654
-56.803965387361586 33.124155879929134 -77.23685131241349 -16.981590476419186
-4.932133144926482 92.01493744502244 90.42456776162055 93.67742563472405
13.46517993040112 -87.51745590722125 -22.558652197877777 -80.6313102010499
-0.8357796391410517 -58.178482215280546 -0.6730404719014444 35.580142342437625
60.08605093372168 -36.6082533086789 -65.3847107125918 -97.85616313914637
86.92512776914319 -56.20496416601881 -5.179645925687296 -98.12237934321305
68.63677792103633 -68.93295837840515 -6.853151425997098 -33.04015972939736
2.614310110129381 13.422136720143968 52.649866433316845 99.10911382375642
64.29742746609497 -77.28765557536221 58.451099825795836 -95.49444196248452
15.071783337264065 -3.5397333471894683 84.73538190310978 17.925398302505698
-23.304927495749524 75.22691675279708 50.17146104815157 -34.78547394627658
18.003503941206205 78.9038117358632 75.86878954825721 33.90006457345123
-85.22201482757698 -87.11109174837885 72.33963205320825 75.27927016464702
31.670525737780764 47.94941694533853 5.729594648000003 -92.71945782021885
-28.004114510738006 -13.261070659355738 -49.868083293382746 -43.60155089286701
17.00622848995532 61.97608005823224 97.90881603422957 -53.13565346999945
52.72669457958611 21.240480712555197 66.23302751292977 29.898518203749177
23.692974790267442 3.4818343310528235 -18.73737531606811 -59.00716983998624
55.02562656052436 -43.219645935813446 -64.22041124031566 -59.619349079785366
17.057358779818912 4.6994458179085115 -91.26558803480411 70.66502434747795
-50.24235656062932 -67.02697899400076 -71.68446307426095 33.92422917752691
-41.747390446411984 49.859136610683436 32.298767144507025 27.37497034133365
-74.76250315287118 16.771777095026977 48.165500102231334 -47.96401123885903
43.60734018392424 -1.0286215634078673 -22.462738384443554 45.531599716581354
70.49370232543791 11.440681815508214 -85.24389227022067 97.94147247829679
-56.45793112854416 -39.14260154075211 -8.018548709230444 -65.88404418385505
-67.59556212049665 -84.95411819750348 -3.272542093135783 -37.69513780181497
46.893145011838385 -74.18564532181722 -93.95942686530539 -41.454252542444856
14.326314347544638 -47.379400564282584 -72.35154980964471 -43.60696245862856
74.78596469478964 -52.14611264996041 -3.087827726444175 41.447843878503846
66.2064568326222 6.58024858263866 -57.5720689970016 -76.85631552541396
15.67862854783968 77.87613983208888 -29.377683899734677 -40.36203008542769
70.48952184213533 -38.16793795185889 59.54230614029444 91.98625811260445
-71.04395186303698 11.56598429985813 -43.93784389893971 55.71826999484938
-61.62680130765936 -48.637927056298125 33.57606986281388 61.72563783137559
-81.97764435871554 -69.94266988450178 -92.77964542170704 35.20283859040657
-89.55463190942618 95.66136357981841 -79.84901072385554 0.7558752617680113
73.08096175122446 29.989992391637116 -75.23590435603367 81.63531455586968
52.55917520706075 67.80223327938691 68.44597941955962 -1.9408367957392585
6.155137183662987 -94.78841312259696 95.19300907856126 13.05742783153508
-17.486230557169804 13.891579950562345 94.20108576678464 23.756214810681172
82.8717259942623 -34.069515517738864 -43.81950388714879 83.64590454954083
50.740800999805145 -92.35439641943289 -86.03597289892127 88.64378282768803
-70.00034275309216 -21.194388843210746 -98.40126971668532 32.57162952160883
-22.78080038539349 -43.91248446968046 61.57928456773237 18.576016779661515
-42.02574891211883 -52.9577061923967 -43.961371778099355 9.203309194969833
75.85905053473087 -59.59748878577669 59.07031763544009 57.781967771417214
-32.47199741733344 -59.876313740947836 70.96923121119232 -19.925687060682606
52.89035604741014 -64.92661699865624 -49.18499961789 -17.589583785494426
40.64782793237026 -17.631797286569494 -36.30481526104465 -78.41687863199951
19.651289129415602 45.0437624324849 -6.889141082239988 -87.79497592982833
58.53803830770187 -96.90976657850463 -11.47957505811614 78.10303952983622
50.69898820972912 38.699858558893624 24.539021429399412 40.026241704253096
44.67027825238864 6.497482866442212 15.086832477202833 -37.52141311073041
-92.26749985523782 85.50386010983357 94.70833066471863 -91.51107223481203
45.13823289152165 6.308262384496956 -27.019595806377012 -11.412300832964675
78.23620376151044 13.693058612842663 -97.52909826832747 -78.95577356912662
-24.659605016267648 -62.04112219078195 21.2329128444251 48.24735635901217
-51.532690182537344 -8.40819301563404 -12.406194271258101 44.067681082010296
-17.1660235108057 68.12706951663878 97.45848816007754 29.2487489581421
31.011879824839497 14.249489682469303 -19.732071779570234 91.0771866258531
48.30391811808957 49.78511951287203 -26.6767748781713 30.760303431622987
14.74368027766711 67.13017620597162 -43.685230807764384 51.25980885774791
-90.53292561346319 -14.7190690770842 69.82581374607227 -7.488150675703125
8.22761635716786 80.56137553716306 -22.55980851748403 96.96012808836755
25.23075221456304 75.54652269711266 29.767147565215822 80.71252910650227
-89.44356205614703 -66.56658070357824 59.7147476006684 -68.23305231819461
-84.3073910962965 -18.22421569245482 -23.0488100269163 -54.11727730839213
-77.70563552881407 65.72119123981207 -96.97925554314881 16.254589189081287
7.208172527376661 92.4081492279009 -62.89545877097251 -8.224935499546078
-20.4620633354091 78.9881048090445 -36.689150251936795 20.405561890939893
45.587507082022654 95.57834059676 12.024678842102006 15.243901231801843
59.981332489913 -82.15808551504833 45.0819424481582 3.4285426756524515
15.191231973524964 28.41194468483107 -49.96501300648062 -7.818386503850164
-38.83834993410111 31.565214632730374 -28.634887137898218 5.0992172356120165
-18.705407441043235 27.8796646912663 -98.87463839300523 -74.28723046914158
-1.516394643961874 90.1271572448702 5.070186695211191 -23.13578710471282
64.94973728429204 61.21308889515322 91.03048941345395 9.117267237522924
98.62932940909462 45.227655283660596 -86.64412767089598 51.925664770428995
-37.50340593452057 -3.7574665768430435 47.4139979981841 39.60552519720699
57.02613753408255 -62.903011864010615 -89.97865200494229 81.0303248601968
30.72144857091706 -82.3212294935907 22.935515956922714 -57.556411620974956
-35.82293426644392 -74.08646646581869 77.84699670612042 65.15317280056087
-30.5998467021563 -34.95595170684787 -73.3049204397868 76.99641877427425
-6.997686241856016 -10.643983343317572 -36.294046625696616 -31.803189671946626
-48.91769934244628 67.70582674228874 52.51645334406837 -28.555757576521074
-89.98766236347151 -59.52731551433739 -53.761277889433856 95.08071568609185
-21.61104679961528 -11.803789035409864 -65.48551014665907 -65.22157655603445
-81.83963934515347 50.240868923530854 -85.17595822711048 -43.77636287357467
80.46106487974279 51.906333387869154 -45.30985496796929 8.210183415235562
-23.03644546125973 -11.243306440647885 83.20519230628966 23.413183456481846
90.50584176757818 13.16233325504841 -73.44407068466701 63.01777701385194
-40.28343354114654 5.593228486663747 91.8671914668962 -81.20003805397735
85.48353850552152 -87.4701941519692 4.706923307131831 28.32614978806663
30.578371273169353 -24.96437215514358 -12.534585158368785 76.34445504791174
12.992183296222805 94.69372960476534 -56.33506770634651 77.5724369775944
38.34684960180073 -62.86848701883139 68.34963171685771 -42.70373215394538
3.5700936715797695 50.04921054577778 4.342679544172952 15.512261912837033
34.544384710469956 8.674082387046283 -38.46820339736554 -55.48270500944024
89.86307980832683 -81.28055321933094 -94.97050632149187 -0.25821969252019983
15.127288685366722 -98.64119436216892 -18.82305451450938 -80.60666802160611
-52.8622430509887 31.60322938054557 -40.861380013174056 -5.56713657763612
-71.85046213936499 93.39997519163884 70.42126208735709 -61.08956263151428
90.99080846050538 -77.21863506559879 38.929323979811215 -1.267206979917873
-46.10339151887209 1.3905464230372218 75.79312336423092 -44.36674741550559
60.65584304642482 -0.5340046391732329 -71.14013295038419 -52.56240721927992
-26.101774825827803 87.11135206863207 -78.25453890274005 -72.56468467813343
83.05887925483421 70.31818422659688 25.890181690985585 46.510913996337024
53.94341342672374 -90.78381584137311 9.057303750378097 81.63388448496232
89.49371001390023 -40.046444306874164 39.74770788993109 66.3956547013147
-41.40678390286545 40.72699341301143 -59.23757766798256 -62.82964623879121
79.297382391967 -44.18616832575175 47.12525110010739 -14.256109105351271
33.644913140624624 -27.624047571114602 68.17362462873135 75.32677725922429
-90.03543090989066 63.244120327095345 47.351437856009824 3.206766149976687
14.215717612187959 99.8762667944857 71.61719122562752 7.6920917765799715
-83.14701260198412 44.074198237815494 91.95644127985364 12.549537163347836
41.029743455516154 11.238891693517502 90.99143586027921 26.71521582290997
-61.61173015667474 31.960551175782882 69.83132171642893 4.427921525623503
-80.23908033873484 7.117446148850263 -3.5504087939955298 44.54724620120501
-51.5664942744438 0.6343167647046215 46.29881916589332 26.244138098565827
2.7266484917316944 96.17008453447932 33.683255799290436 61.46733335584068
26.410471417310873 74.25069669199061 -7.034185992946277 -66.74962941209834
43.68460362192042 92.91168807869178 -32.46711560084073 -53.62344189381627
-68.45051837058627 -7.446911043109765 -37.500037293663 81.04501190957077
77.88100079916188 67.18670295312637 20.118315376053303 43.34791419279921
-17.537545088136895 8.847674722606413 46.05907497734688 -9.035220567546688
-58.02095204316782 49.67112858515327 -66.83190606366472 -76.05373893341911
43.63088760528217 37.33280867825758 17.31895990259862 -58.22543999320662
-49.81223146768843 -4.09079074022813 76.9485393721001 -66.94210195569389
49.697886208016484 -59.71731193288359 -89.7608927894608 47.14036454244416
-61.954272537713436 12.097362251072255 70.9435075820551 94.49153181452539
76.2514593540946 -43.300443782814945 46.548835554192834 97.6972511130765
