-1.5608940298341594 0.934328080199279 -3.463589734889503 1.0432191580357468
-5.916149113258489 0.4829714223284718 -1.449794101790447 -3.176592806451537
-5.289406367776528 -7.680270464266452 8.690899589070135 9.529850834309052
-9.384281355205404 0.12646192408958257 1.353646040543019 3.381735446023546
-7.918007649375365 -7.8267530236245575 5.661023403976289 -6.098182810862845
6.314318407055019 -6.276667003448306 4.641094110810858 9.599038430647052
4.681311430086204 -0.38708613851664 -4.426236195823458 -1.0922674846138314
-2.787552999883614 -7.77284104976072 -3.7669738841451927 -8.165496105814187
7.424286911402913 8.830804863991936 3.898739293759073 4.169396578121013
-7.895762250614942 -5.165280216953967 1.0091517128767364 -0.5808115487042684
-5.446325046971552 -8.9094383437817 -1.3436855046750917 -1.9549401555931123
0.3806987701735878 -4.252582279160899 2.335251291397862 2.4871551819292783
7.155240608244966 -7.025804756255556 7.273311867470213 -2.030050690023617
0.5214462364436283 1.4400615325648332 0.7025875641505728 -0.4550694028629607
7.603917210387067 -8.576992424654888 -5.98205584220058 0.9633848492345258
9.009905311243024 -5.693376788592605 6.756509499181099 -9.181456680052966
-3.778312585556261 -4.095275675262677 -9.054964229511926 -5.173384682482325
6.262186501683871 -5.234201237282754 5.573668445159276 -8.537174981815692
-8.063677079546483 -7.137878029012963 9.735971274615657 -9.925651696198212
-7.174251888366603 9.028921956754374 -0.35777578956221134 -1.1079667961962372
7.4857291132306685 8.563061353180775 -7.7939895040236 -8.79594067482354
7.849211607911158 -5.606761447357691 -7.715621453091321 9.912478414462306
4.81904775261313 -7.116503065669866 5.704807602876361 -9.5095869150352
3.035223933114885 -9.599785731150607 -0.31936437176328525 -0.10880901085400474
-6.726362861226871 8.637587714638336 -4.722802685468874 -8.529881857781152
-8.192252851369524 0.20977151857776377 9.20169338770377 -8.912665714657171
6.306811140982742 -6.78624560083537 -1.6282782683994377 6.927088752360856
-1.502965874388643 -6.113983613979284 -3.118169992825015 -3.1896040112185435
-1.8298236443201006 4.838092700079908 -6.081967212033021 0.19622909515535092
3.6864750220948963 -4.458755167357427 1.2254338939201777 2.8279746233232768
-9.81443939806981 7.6355851547788305 8.109109819475304 -7.249481093520764
4.206660341669847 7.863905057312362 4.255901671381611 6.986760309560452
1.9049959232950204 4.575743907659406 -0.06031324676037997 9.581693354007076
-5.225562358152613 -1.4276951953055832 -0.6833246313878583 -5.608900092984761
0.964419363600582 4.560964206226085 0.30660130122050155 8.12964916249392
4.769608926205676 5.443530528244709 4.802147573605517 2.2922856147986703
5.467704246046468 -3.7902016877874667 -3.045132846882095 -1.563713995277043
5.34703255206184 -3.611981456320006 8.310701484253812 -1.3669856818525243
-0.9928608588679424 3.31249899522936 -3.4649771095225335 2.578153600660716
3.2616128397816606 -7.645869564692176 -6.203121833976397 -7.865122992832259
-4.072726787913639 4.928167710293046 -5.711602252364878 -3.131950606923901
2.708170955585281 8.52500333429596 9.925713605375268 3.742045269915387
3.2395034996093486 -1.7258699786720637 -6.505880985800088 -5.5462689585954035
-3.805803663834344 -9.789990235596841 8.352500771295613 6.705663316851766
9.763210121930765 -5.313024544581602 5.552563118548237 3.829955014426794
4.650813084565723 -1.0073162072965438 8.1883964368009 -1.3698876845458265
1.8558416306702767 2.283731190458848 9.849392425731406 -3.815145085564369
7.953280513369968 2.870539368676745 8.796424508341087 0.7182486832910264
2.1023571564906476 -2.2516688123535866 -3.458590206383829 3.9928949675837355
-9.580073589368368 1.6841045145767897 5.559319322475966 3.5666545172478834
-4.338646861402033 3.1303041415334896 -3.4465150502352904 -3.8784681213467787
-3.274631418552083 3.0433002991906672 -7.714574290654692 -9.33840879410374
7.95599057410158 7.529132147066079 2.33721021010291 2.5997938971750543
5.643826119432113 4.124509387936433 -4.255991662381873 -6.868447586153367
5.600631779309124 -9.718748627827527 -0.6710834394884557 9.08842795380447
-1.5019122231415327 -5.761968933249637 5.757752139132194 -2.6380539728506136
-9.269395961109696 -6.240689482087696 -1.3630866928382197 -7.86610689595576
-7.078362877617992 3.1012779784216775 1.796775908902731 1.266298572351431
-8.570299051457564 0.3024194145496395 -4.73129892355177 -9.949035577867214
8.184537519517793 3.131640809825294 -9.587639130365151 6.478769919146956
-9.91564838757826 7.351900786747592 -9.199554643272482 4.66669552760624
3.7476841964777208 -7.097380304888176 9.940645512043172 -9.783944613016097
-8.59621003393417 -7.734275239841972 -0.14197562387639806 -6.015490074650957
-2.086119923728898 9.750524073088553 1.8365220959390722 3.617912671072288
-1.0812169037539405 0.13498287965520284 8.136668744971992 -0.5547838088701909
8.411691287769806 -6.669831261486074 8.854160543901244 0.2761074351240804
-8.528876566755061 -0.8621553883274284 -0.1378685917679121 9.862048192486036
9.950185699655666 -7.625008522891415 -5.268697079655773 -7.0115390106384945
-0.5059173336336702 0.8770893092810521 3.186503459811668 8.104996419118045
-8.823114229034534 -4.121562253131515 -4.98360990666286 -8.901805070102856
-1.3731301946689243 2.932378852768011 -5.652385670722763 -3.190727849062693
3.7095023979207813 4.070229263687429 9.882452290414811 -7.295851983683786
5.801775569587587 -6.863956486542005 -3.4920142538709626 -0.7879293638542588
5.893021418627304 -9.473122375817711 3.688161516546435 -5.23672631544192
-3.878661657878128 -7.374266366349323 -4.841123632934854 4.737549036112593
3.6704698106471945 6.999022409830474 -4.9022736617315505 -7.294840653340097
-5.440433305512777 -3.693450519649442 -2.2147473860618234 6.243877554294897
-8.7502932722212 -2.541678173213411 -5.420053179338016 -8.599494490828043
5.007779530921461 9.844545344320348 6.90936070503469 -3.3223327491119896
-3.9026501464910712 -0.22330661822581988 7.449577993089342 4.625253670723106
-3.0000208299707882 5.45886794617779 -4.732944091558721 -7.970863660413928
-0.971662063274497 -1.6114089952284196 -6.780791901797216 0.15300813890141995
9.623432451272226 7.1525232224185125 -9.99064684777867 5.33824180347818
0.7634277064084731 5.548930601841743 -0.14637549772872305 -3.419359892004188
-5.730806578317999 -0.3547915857228805 8.237356245896002 2.6421310969735785
-1.6341617554234649 2.15545041785688 2.1829431467560134 -7.135915312882486
2.271271314418488 -0.8099652516530504 -5.174722733266302 9.174058313378875
-0.5828079398164832 -1.5505599235521643 -6.054302197733312 -0.21561408953602523
-8.665267717027387 5.632712328334939 9.776236844233043 0.5580881636848645
-3.0769588373507206 -9.27712418561497 7.224586614738374 -7.918412246664546
-6.848317279693679 3.8344381473123654 5.920377445504563 -8.968761276461972
-2.104226465201604 1.68705771283099 -1.9458264122086142 4.521267368274204
-0.7100481201681035 -5.182500815154427 -6.750735763298823 -2.1252794325911983
-1.305401970930797 6.7943296198444685 5.419366159337589 9.013899924232533
-8.284758816154378 -5.810624237060667 9.772706598587941 7.299242222609191
-2.2417903390839156 0.5996242276343278 7.6966880693429225 0.7580469656535378
-7.2655538333604675 8.98619549816933 -9.966504778418273 -4.38038992662819
7.113348284073389 6.7040118634826555 6.689949266329197 -7.5077954930875945
-4.7448890969092865 6.587825157312512 -0.9369991236026838 4.440311989006549
-2.7746004499366217 -4.862460699891649 3.7560607656904583 -4.631567157541676
0.4884265153278644 0.40727015754285745 -7.2603646467454315 -9.762967556032113
-9.767525870026528 1.9913965892691934 -6.218069251139284 8.1508563641992
-6.4575300070112736 -3.8292229388022125 -8.160263158634901 8.945955556319216
-0.4791738288987446 6.839009956412859 -8.005393932770943 3.6111754948361323
-1.6292798548280203 -2.076102023769348 3.2408305483492246 4.729855994745737
-9.87591505886263 4.036752497137304 7.895385608576131 5.288681850064592
8.141129101573132 -1.3594236163540856 7.921678574804975 6.552075707105075
9.785772330382464 -0.6190398994121864 -5.0390408691436095 3.466655621846865
7.224097665449669 -8.565636856517118 -5.145573525069665 -6.966157894454925
7.199856463850708 -2.7533995478145323 -5.430232146497982 2.137877583928116
0.015575425001037146 1.0843108825267844 9.24710627151362 1.5619287224118938
-4.557887446321778 7.868679275324929 3.1656511511037735 4.936235656760459
3.818428789054005 -2.2129321811429907 6.354858347458745 -6.2721845607513815
-1.759694288615254 -9.270398374594622 -7.4668707523667255 -9.763133959890967
-9.126863136776526 1.1695589704228109 -5.308909337849306 -8.421584320905566
-0.2545832997990338 -5.277514933062428 5.70489139013824 0.9111201371784041
8.495888642264969 1.2525876350916434 -8.94040866164244 9.871607496490093
-6.399514608657517 6.8415241264922635 -3.2450261552815114 8.108944401553899
6.281659284014065 4.044558294956628 4.022494544217015 0.45597605343354
5.372490854703615 6.577790889155018 -5.976646451647429 -8.289392868085804
9.058441712751812 -9.183540986960985 -1.307774890529135 -1.6367941499451462
0.4245703075461549 5.523019789451736 -2.5380413322418587 -9.817178814610866
7.315541982411826 -3.864066522032701 1.377305452296941 -5.429415628648401
-5.411548606116961 3.6986623867278112 1.264579522021716 -6.171009559688403
-3.0959943486344237 6.558626689063111 2.845112215752277 5.059817206816405
6.738790658343458 -7.352322503612216 -4.58787418549875 -0.6761929326362441
-6.651694874613073 3.1465229987283223 9.606757372565397 4.154416182017073
7.161120347787239 -2.990082841139605 -6.5672133373079 -1.6075372878230851
0.14919676889429034 0.5516788297787087 -6.996155590468405 7.622287801851698
-2.550674005563904 8.641881782209534 0.6326933135467261 3.899752137174673
-8.42395981395075 -0.08978376667343646 -4.123441339862879 5.255036205317893
3.673432771252843 8.271685818285132 3.594949423694267 0.15660149013136326
-2.8235122804469643 5.556497732383951 -4.317801405346813 -2.333091984169993
-5.006021618471312 9.634224442083571 -2.5346290966139007 -8.212405986776314
-6.688809156765831 3.962893068146956 -1.9571611753235967 -9.387504509494349
-1.783513421523013 -0.020437083515664867 -4.41325196687548 -5.866246019435081
9.228960419176083 3.92711237793063 6.218410367600235 3.4213710357375113
-0.37553895333825515 3.442372191061704 -8.63750829817566 8.78349445856755
-9.161252426647001 -6.894844629433461 0.673015575940461 3.5630657825412655
0.8137910772945194 8.59248961730703 2.0490187841645024 -4.304673012466454
9.52610600804735 -1.849812183073123 0.280804983947057 8.581038142798928
-7.509432157402081 8.623037784401564 -2.5347541447088506 -1.3946891208540695
-1.813525382177719 0.30183787631166936 -1.5494241659145995 -4.551242704079581
1.8103728468512958 -3.8195589899229105 3.627014894335275 8.170177783085734
5.175485261745486 -8.053202632982774 -6.113934550991562 -1.8300483641879755
-2.9308275991423782 -9.722693268953746 -8.024867996521863 1.7706728258056987
-0.8501215354706311 -7.602417023823172 0.8245826757747405 4.40468620761081
-1.7280890413826562 0.7467135737396582 -9.944204123985578 7.268713568285694
-7.973289528370611 1.932782958038736 -6.427426716145059 -2.4311700381384256
0.8197254631681972 -7.477265857945756 -8.95823205290293 9.303556099039568
-8.105711206223079 -1.2025614695794609 3.7844707304809937 3.3546012951843345
-1.4602149342879471 -0.36146623046210635 -6.463098470983326 8.867378410796679
-8.06503549839042 2.2378920480244915 9.10664493668748 2.4969772066954032
-0.3696041136880357 0.1319225151575587 -0.967594265189005 8.768560397005224
4.171550595953303 0.2658468614785683 -0.9807358739021019 0.5913661164324537
-2.1543752874745925 -2.6154506830247293 -3.583927920260443 7.712348974365785
1.1675960485689725 6.4435438903771995 9.906831770478718 3.004785529677143
1.1549898630756328 -8.772049418126304 4.491846278728978 0.4010932637471605
-4.497602367814326 -0.5826065070553632 -3.4867617418818746 -1.8842050887259187
-4.929287739675299 -2.118438617535494 6.863058502481675 -0.4601979586371918
-2.0666097798862797 3.528088529606272 -4.3519622381305245 1.3537404174438485
-6.824372975691251 1.134929590919846 -5.0891198654012015 5.599161422830472
7.732041084944424 -9.858946105370405 9.977366809701557 7.962698491171384
2.7770839437982016 7.70622872392336 8.645972606696013 6.834403633637727
-9.127223528929651 1.8089804718213323 -1.717643099883471 4.4032130846498685
-4.693796588235106 2.287347692250872 -5.228748527660427 2.6585095804771637
-1.097078318944222 3.227334656478032 3.90294094933504 -2.643077301646917
-5.4970819096437085 3.823358871339277 3.598056309684905 -2.5825863934773157
-5.07917704123511 8.148849321662016 6.216798576057943 0.3920148561947645
3.060601747704153 4.836079741788961 6.548556193353722 -8.794207587336093
-2.7071752931804056 -0.14451873266386173 1.4379603279130784 -2.056351751236436
-9.814944890450093 -7.0039722020007655 6.855111261372503 -0.4040981744422627
5.5693640123081405 4.786827959844704 0.4887172512050437 -2.9605511488502723
-2.6940211871766433 -2.699988739901946 -1.5361159508668276 -0.8396206661935395
1.7812012179060677 0.7392641578324106 -3.6191061029916627 -2.6620887332390897
0.7267889661915987 0.010004576686714728 0.5189166399837237 -8.089785552612973
-6.729595122987471 -6.698362708233143 -0.5105574905063985 -6.840256535465679
5.87952563798857 5.297930309909981 9.222561227748201 -1.5877314676334144
0.3250794402859132 4.361832768893928 -5.624944196548474 -3.106685550583956
-7.327436472876805 -6.833122598693924 -3.4365333845598256 -3.769232036244299
6.61717235398768 -4.578895355842407 -2.7454998824248333 -8.781772443808
0.046192494394164285 -0.6274642762947451 2.076845783096733 7.676521432740579
-3.264234524532128 7.674566621019245 -3.4180579004304974 1.5696135523663006
-1.6415391997009916 9.863252656828724 -2.735894054992052 4.966681861418589
0.37054562561693594 7.945800920485567 9.944188857101931 0.9805422152699013
8.209255253271994 8.10399347084092 2.5603739821293097 -9.781801812228942
3.7409070261601958 -7.861116015184406 -3.0746035686652906 -1.5283896629642264
0.320942279879322 1.2329267796239574 -0.9436667326355774 -0.3769000520769481
9.298966259704386 -6.760764127359233 -3.194701904267756 -2.1501023567579836
-9.086284250678107 1.084407431250586 4.467208577168362 4.915811200755922
8.786679297982928 -2.750489351108179 -6.821821595702236 9.336231486064385
9.817999018372909 -5.953536291819354 -6.548196336685795 -1.6270792500229163
0.03080334336845958 -5.81022920260994 4.629315797934524 2.737020977601494
2.855987785964933 -9.485875786264872 -2.793055278787209 1.2749104121239156
-4.537419107722249 7.605591589429178 2.5948348988519427 -6.019863163502142
5.063811563019495 6.888631300489468 -6.179135077254456 -5.152035372024044
-0.02705467606416434 5.367418657772436 -6.561437345543681 1.787627945992858
-5.3977355917297505 -1.6252483510909563 -2.8101138822301035 2.174588727072331
-8.554793924908884 -6.050598089904846 9.13105377754539 -1.4021313927527839
8.596288255958392 -4.3494171887399276 0.15404785715273306 -5.526937761292423
