Processing k == 1
0.01767546604932047
Processing k == 2
0.04621359805100918
Processing k == 3
0.05645307400865993
Processing k == 4
0.0683001627426261
Processing k == 5
0.0680063501239315
Processing k == 6
0.10430530531185997
Processing k == 7
0.13867609113508023
Processing k == 8
0.19664422073450036
14060680.330726745
5147528.036761415
-2373133.540301314
6474810.58300327
17853609.48082666
8701541.150377233
1780240.4108979073
-58976172.122977465
6705200.302083417
5308167.794565472
23146145.052254215
-4754279.2053267285
4301405.506789459
60185791.09072156
-9654079.03466961
70249541.7261108
-1011461.2480761658
4923076.212514774
-14659801.667167496
-49344548.98599946
9355751.161215844
235699.8807830537
17580653.5171215
-2721504.208864201
22570632.403099585
8611025.273734517
-85425742.95978948
2445966.9893401414
34461627.5896968
-4964147.142015649
-4841674.781518991
21645327.445276473
-1202141.6428949898
2817526.9579092427
-5151343.987170566
24216652.35257502
32104237.18781753
-4585974.77023825
4219816.759493811
10245556.20513393
-13420019.919592807
-12006523.136183834
-9418662.104965355
3430596.8832087247
163215.22167558887
54695070.484567635
-4091285.842375189
3376347.609009953
-2540402.371988562
17171572.20558399
25031991.40543101
9829260.938453509
-2608203.9820197704
-46148165.1972573
14013465.912394509
2442007.3736636597
1943326.4173494894
54934531.1861305
-5678185.417336809
10185174.634077894
1095569.4096303806
7963517.244143627
7213961.579285438
-340189.56122431846
666030.0325167755
7838918.910277125
-8742028.563437903
-809304.9086452206
10150384.088904828
17799317.881791085
23538185.30256643
-5976687.341384356
24696010.549326282
-17380876.036199618
-5202032.277999202
13821167.290761663
-59842321.095118575
4194689.106765169
-25566569.34907194
-6478133.798777433
-46520031.1561002
-1712882.619309176
11234733.4525588
-13173226.771467267
370124.53629111627
2978307.1837896146
14647783.10655339
-15917858.838299597
-25956841.22633561
5850224.078326668
-21126896.124598052
-3684830.470430004
-15003546.837417124
22000253.72209516
29432995.40727767
19357388.13871391
15024289.769327145
2619928.9167209733
7253953.300677659
-3067685.456400285
40403715.710041456
-1675229.5475768251
-13929100.861834176
-31742180.990420215
21032244.705254562
-3641103.437296245
-1829954.5243005804
17312656.030760307
3319592.7466083476
-15525468.726747308
-74023826.2746496
-13782187.781096783
4489566.080839091
-5417584.915124836
37944322.9833912
9493141.190882483
384853.6503813561
9406487.388112314
-4246946.196049086
-1665318.0799762406
-2657339.7227851115
-816472.084546425
-180065319.08237332
232777.0523343907
6557213.653527132
-7606491.249537575
-3771039.6799658793
-265848.97464807704
-3355220.9775662557
485460.52873547457
9446196.406471308
-882807.103680877
19148224.60376395
-426714.9491926172
52429231.08723976
15330892.049409606
17835966.96462247
6018160.526420326
9800537.200206662
-2109281.4536349885
4070581.9506616667
2084786.038179061
2616433.2079941235
18997001.580669645
-7833737.7503384985
-4877139.655128723
2415988.363037942
4171475.0323269563
-55151716.40633685
-4294615.985466212
-975528.0806611707
-35046381.7167772
5420107.686737491
-30285368.11064973
-61073952.172063485
18837646.7957982
17245422.978211306
20659.716215800727
4937568.8920204
-9045942.679605152
-31353099.452150173
7325560.045295294
-6469929.721657773
24874613.986232467
-13875442.977846649
1149827.5493458523
4536891.659565972
-9924048.560426332
23336406.711456165
3693842.7537487512
-99131741.05308159
-926308.5398548732
-14335942.403384645
6879277.233545606
-1713629.6870120713
-16493978.078718139
13873423.84706086
26572022.476474307
5259034.732735268
-4985703.028407864
22233656.348227065
-10090081.100182328
-9750694.412490087
-5347773.98354263
3754891.548327255
-6590102.443279835
2339025.7710207254
2527485.760412697
9013112.421910949
-4064088.9311509375
-1487299.7307932356
-13977660.640301442
-12109918.346782055
-3196480.7490165858
6400311.800910527
1025461.1493437007
-17008263.383576147
-34211120.97476357
28709391.27357436
40701496.28252554
