-5.91069919938465 0.19790615717638005 -6.120759751551381 -6.994960737571468 5907.483352657665
8.2003846852033 6.746035004042458 8.806946224336627 0.5862659617304118 -397118.38809336006
9.883189684342138 -0.0016388899491062148 5.53517494019003 -0.008054215182371038 47581.800775599055
9.192794973773253 -4.4522904381657025 0.8957368551183009 -3.715695909974337 35805.21029579044
2.363713187902704 -3.6471131907781063 -4.058872062461248 3.470397951721587 -6373.269877076351
7.256410150839063 1.6128454473082616 -8.094744037182831 -2.953887450972692 18030.81577314516
-8.056228128039711 7.584868219434441 1.2025095039008864 8.04059379403575 19594.83651877936
7.647021811408724 4.514922529603474 9.066328345995394 -0.31216564281279346 -120408.29813185915
-0.9055722374541375 1.2293789888970803 8.081307504580554 8.288519851759226 -2161.0948047207353
9.422766510815062 3.299798698430598 0.6060630112786356 -2.6778934847286546 39380.802392445046
-5.480145233421531 5.7753873517318315 -6.2001053524064815 -6.671439084312533 96136.17099691584
6.830726106729738 -7.72767039413865 9.16285949953495 5.281410861223847 720603.5287977353
8.537088548298119 5.178117729521114 6.313018934563701 7.647604632867274 -43411.61753729528
-9.354875661519312 6.479283251224707 7.4734647714874285 -7.970813896361411 -189064.9148661059
-4.542538480847334 9.700710433041898 0.4038832548704576 -2.6729048260899013 1989.2982067617293
-4.2724704564659906 -1.7796943159555223 5.4504788787796326 9.792114022822986 3441.2083564483887
4.281062088028797 4.430168087503228 7.216353733053143 6.146386035898942 -63835.56124038773
-1.2255316788431632 7.8902723699115 -4.1046877848692205 8.136626951419686 67944.09945167795
-2.8972434349590053 -4.352305273005898 1.03613875868934 0.7954181349804106 536.9893477352641
-6.654798327426024 4.915687135348293 -2.991132421700959 -5.227328999092635 16091.568669885042
5.603547635535701 8.127040034517119 0.6175878796811958 5.31224625389623 4712.495099185639
-6.062727176356091 7.6763460028524335 -3.8518852037545432 1.315439208245344 58407.86873041739
-0.41524675704000025 2.7845308028127747 4.2047880210497635 2.4097549905122566 -3263.802784635918
8.011283059468571 9.839963592805432 6.138109542141052 -1.2958972662953077 -420234.89559213613
9.121172156191218 8.505209396915092 -4.663314751733523 -7.845093897660513 159252.7514209798
9.79832997149368 -7.96720906792638 6.132130381052889 9.25504025658418 279230.47485201695
2.211856021307346 -1.9529282132166141 1.6361512016011037 0.3661901646974002 176.77549858488516
6.854051019456037 1.1710068926848134 -7.938128405385805 -3.3274085542556797 12365.755593512058
6.996589546683822 7.866971545465685 8.083359174077177 -5.373557960039406 -502631.37656278803
3.7220397737892874 -7.28602263847792 0.5897708130554697 0.3017484266308621 1119.0199877694713
-2.632745615111453 -5.722972050847952 2.768295310270421 -8.747756905732354 8101.35075267717
-8.243836607910213 7.5886240060312 1.0476825506202196 1.338834747632319 22093.26393224066
6.542410980267974 1.1150800797318077 -1.7483895964640173 5.9888539788903845 9205.059594939059
8.012166554206026 1.764071471153354 2.873710940794272 5.6104704625876245 20350.5504319522
-0.41876637607633604 3.8543734829403693 4.462436584520619 9.733260503945107 -10188.080371837741
-4.133445656398431 -7.390946096884967 -4.520771914219724 6.884945039186331 -73178.99720127117
-4.149889108477329 1.7802849567541923 1.011275173551203 7.1892075353376725 1517.4768041282007
-7.247714945538051 8.895924554822063 4.491929651356498 -3.671198087413159 -113924.8458866858
-3.016902722933157 -4.943115142781009 6.649411131332787 -4.213064795178707 71228.02918075904
4.736367342663675 5.30989832026156 -2.3439009176085506 4.546223693148539 6381.812634175671
0.972623961065235 9.859966512482494 -2.0551899191311396 -0.9214066328924773 16623.3854965508
-7.021484296762814 7.973940490907342 3.5862473213932056 -0.9080399440991993 -34674.98722940718
5.722441111146267 0.9890755277609422 -0.9510284337431134 -9.358719090339305 5294.147089663032
6.02491363625618 -3.606940957117926 -7.903199867689146 -7.790306173878598 -40045.4022563788
3.719208606627225 9.293921013921313 6.255593114348372 0.6250935390627372 -392231.5298865805
-9.362271484258448 -1.3035770568806289 0.12723601016289265 3.6909385267921397 38440.25807994815
5.107323681730572 9.462501545275384 6.2697835860978515 -0.5438945257873069 -414402.29398143187
1.7651876556103936 -7.278513856738947 -0.16266365618341538 -1.2108924632754245 36.64251645891336
-9.666113057620674 -6.239561659212923 8.378126023136815 -2.7910150296382907 329063.9209442843
-3.549397364950533 -7.036380583613697 4.75453506438512 -7.868803153092745 75534.32893507481
