-3.0487722852362964 3.577512738530169 -4.981209980690448 1.7756725359422907 -76.23316159048521
-2.0524274759156924 2.0561248567256456 -1.5139292363140697 -3.8083352175037266 -1680.106378889552
1.39110951097339 -2.6371563122687447 2.056331304904525 -3.9338643363108607 -1895.4011342144008
1.571453102953729 -0.42546429891120585 -4.672997808572358 3.4478875763211168 -1124.6150085220943
1.1788390469885162 -3.306290338802673 3.4789097646916183 0.5733696022097634 22.61876741137071
-3.709389393038803 1.5218445879892322 -0.5119743082176633 2.464531285040783 -270.2197077696935
-3.4222608056296986 -3.4465148441254536 3.8630125516570093 -1.9298219573751005 -65.8852771011321
2.6583275106920077 1.7869759989140777 0.4763659168407415 -0.18877636528237485 11.451712539156546
-0.3284299272391582 2.4570547972060295 -1.4458949970244306 3.973220833518223 -2000.762945847826
-4.956422126494098 -0.49595473363077325 0.7119709432582644 -3.3357950375591483 -934.7470994815898
4.112425387369656 -1.7546377706030114 0.9291569643815105 2.491356134574577 -262.42863740755104
1.8328914881367728 -3.9103122204655416 2.9175194482084565 3.145960286188199 -754.3375918845653
0.2980697219574182 -2.864814504132763 4.153212514001057 1.0799515836764497 8.90820153755043
3.051832926542824 4.784602440126562 2.788431141680249 1.2223620613376704 -11.58293841535697
4.640697709118799 3.6930572407656506 -2.88839992620473 -3.5227115219159035 -1202.5532988786451
2.207598302188093 2.5345885012276694 -2.2140661082231574 0.05141775472843513 1.3945044976994525
-2.357929700316989 -3.84891373680873 1.3999516942458374 -1.383204715738798 2.630905280456769
2.2749244514829234 1.1563683688707656 2.774471298957966 -0.30575670126029664 12.429641550158909
-0.9325059222948049 1.6420426911150932 3.955471720444887 -0.3046261368584533 3.057545156925778
-0.1474844943566449 -4.597236248285448 0.13736047018963227 -0.831129177901957 18.752440159295983
-3.363120729664467 4.477807238374549 -2.213981718083545 1.156274835196804 -7.803990804029533
-4.849701760541981 -0.3763013090404952 4.761180713776824 0.47860974116849064 56.88582571630255
-2.4791646184004423 -2.786077642612661 0.5807857421530205 -2.626457743321061 -352.6725555673124
-0.07931453703604596 4.285150093845363 -4.550184084194835 -0.13085435770635723 -17.680548407485364
2.9148241854436643 -4.9029541368434355 1.6338362536390036 4.513621264797283 -3278.162263253352
-2.323283405355209 -1.0255840334719601 -1.6680995054413206 3.4551149377892987 -1122.8626961905723
4.4665322348534495 -0.5489636977637922 -0.27148585199642916 4.549103638806393 -3380.222771759646
2.0949311826640447 0.7586676033078801 -1.4456651285102105 3.5063441980810044 -1200.9307969238534
-0.06600314577676603 -3.9737674026658674 -1.425556076444785 -4.749735208986076 -4053.144998783968
-1.689225745253692 -3.735397674399045 -0.4772362508847774 2.779545317384536 -453.34148478623206
-1.4165717737666759 1.2280198679671397 0.4293445124838762 -0.7803315617260207 0.564373544803173
4.403712223445108 -3.2025215907723217 4.466840603571189 -1.3625686935761818 32.486775908863095
-1.4926723439664 0.5524683627527853 -1.53539720854442 0.4759627668601931 4.300305807266332
-1.084283340217027 0.09033430027274747 -3.3162406554027433 -1.9587775685153286 -115.09509810959196
-2.9735644077579346 4.244451919696653 2.974077553758738 -1.2647237118812518 -12.787428673059301
2.7630741065859254 -3.9387119224217173 0.9575540499328703 -4.747240541389647 -4027.094371350414
-0.28331266067178174 0.10079105015124945 -0.523114622928631 -2.2691496030013836 -208.86664354418647
4.801389836375677 2.731024591420619 4.774390067027031 -0.1446599948365801 43.95347707110678
3.3406999298790616 -2.315855181600032 -1.7804383499856913 -1.2750401792800679 12.659616257589935
-2.852452677123305 -0.44782086556844547 0.4929720077817521 1.042949715014224 13.091730063761872
-0.26727674798592815 -0.8209295961437189 1.8337963749688422 3.1285250078784994 -757.1272840708276
3.2330430121653624 -2.1291989814759535 1.1248803279331154 -0.573526720599352 33.681235673232415
-2.8803268979260723 -3.858296580786733 -2.8891623766734553 -2.2346156681172955 -166.34432196457482
0.9589600609337801 1.9995184813028422 -3.3601159154012716 3.081753111904513 -727.0937845586851
0.5274269816899668 1.5441134700124612 3.4039972729631955 -2.2417261008231346 -200.24810632112792
1.735361193341399 1.1955776658470771 2.532742977635289 -0.0915324413005516 7.772827704709653
0.750383849444586 3.231071009593686 3.875479539263562 4.0672370492313 -2193.135191081769
0.6275478075733538 1.1494643779399238 -0.7481289892514411 0.9694468896130379 -7.624556405688315
2.962867271387549 4.475210917639025 -1.4031907282595468 1.8386412112119723 -89.17460167045388
-3.2422843992385797 3.5568045761700198 -0.9666961031321559 4.70569307076161 -3912.862585948056
1.6378399887022264 1.1593657454330497 2.034392784980513 -4.731323320479795 -4002.094389135186
2.369067912842617 -3.461252460779508 3.2109797131610165 -1.7985640880902256 -51.43218975547761
2.67133631673887 -1.3197012990960708 4.385406004786054 0.21042545779996313 27.920601686467435
-3.482097767000317 2.5610677650113445 -4.744915789746383 4.386689040537835 -2949.0961120018965
2.2765826985500155 -1.1807956265110784 -0.12520416165716064 4.96853694697532 -4856.367084913043
-3.956791950742854 4.635530923386529 3.723574342102662 -0.40219797754130227 20.28451703448478
1.6001004919849082 -0.2887768742422612 -3.272745323044294 1.731947109525164 -64.97975361867141
-1.970789508941074 0.786181046933498 -3.9115967107463288 -2.592748571735747 -356.8076935181217
-0.43456595687001887 0.9054562559393897 0.4241548430956019 -2.058970841956076 -142.59742366346234
-3.1169125171394096 1.7429380141699227 -2.2249736770275264 4.550040606038493 -3414.6368882253455
-0.07274353074735629 -3.93943370886893 4.619743662724796 2.9029623997252134 -543.7522822330338
1.5220238561227486 0.00848241919788073 3.0575793554688655 2.35528702131208 -234.53036553231198
4.053133268466304 2.8627826375691274 3.12896129587398 4.304375489788596 -2717.656419823178
-3.2745674766674004 -3.133075620201807 -3.556431252325647 -0.06501442558714388 34.421312615163124
-2.8547864229535183 0.49377920162883004 1.4158564618249425 -2.2252721647238394 -176.42510387848483
-0.701517769132054 -0.20787386726074253 -1.022271478125838 4.686409431712367 -3853.994354965011
-1.9450382123341212 0.5910927256167211 1.1361344264204085 3.251663438377296 -884.0218296001848
-2.5122164088164634 2.6116100144333876 -1.4050225168622243 -1.6154722341094194 -49.71538301908129
-1.133373037567862 1.3888065506666454 2.7446648394202935 1.9444850287883222 -110.61051303895383
-0.9564054129287776 -4.574129481485642 0.016857914349619918 -2.60135272944644 -342.1994138244176
1.2114631103018167 0.9319379359704936 3.284451226530056 -3.208741160800211 -841.5722106555094
-3.6132433944837183 4.276962720018263 -1.236841215759874 -2.047302344626284 -128.77945271474036
0.48015874567534667 2.6308425534658086 4.028943477978551 1.128930867806357 -15.027816063811088
4.820505157174511 -1.7072509078403533 3.3018957507272138 -0.19146645687752972 60.59468802750357
2.0202873803530146 -0.8680741857134127 3.0304606874416624 1.966537352004086 -100.98028622205574
4.3794050447611035 -1.536042250839904 -4.889133353747108 -3.2393433396824998 -837.2689472954531
0.9576325239763159 -3.9268838659584504 3.312103227598799 -2.713917743323433 -409.13322932914787
1.2356724464043047 -1.208176143379581 -0.49592858535935136 0.12131901537668721 11.388815750103118
-2.372911456130913 1.129641738824584 -4.722224695576368 -1.6121884744300186 -48.0240896175498
0.6628181159300741 -3.185466532549749 -4.3095627507844565 4.9524316043234275 -4799.113580206534
0.06272154180508771 -2.6303545788287384 0.9372914960927705 1.325034664646795 -9.193755815553688
-4.017553426365485 -0.05488854793483 2.0558517142891226 2.4419594146361367 -245.9178922451507
0.08513794359931914 -1.7881574442920245 4.1832777090869815 3.865770196885089 -1771.2775348850519
-3.8771313474089855 -2.022703207695754 2.9945470732145676 2.720886147221007 -393.31184500144894
4.755754256693169 -4.056007446436565 -3.362041740020291 -2.4706611190647223 -235.99039097215442
1.5605380253311676 1.0181787355272496 2.203884600267675 -4.56954269740616 -3481.0341690560454
-3.9427774631821766 -4.78813025958953 -0.05607138706073567 -1.7363070171720962 -18.5228842254621
0.20951783020184944 0.5075995142210141 -3.1277368237399017 3.453323948273134 -1138.8004934912447
-0.9292152243986891 2.9282738503474306 -1.8870236122398634 1.8712840224597524 -105.96867836506047
3.149380646907856 -1.0721942884024127 0.4669789957911563 3.9185632301653666 -1857.6490990376242
0.5992108756796091 4.335102368499644 1.7350956299497096 0.024173477910701457 -10.887209228768567
-2.9469794916006298 4.236759367046389 -4.457329042935934 1.706664358802776 -67.90571127984163
-4.983286746883674 2.2985124952533953 -4.359453262337336 -0.9893066946034557 32.449526510456735
-3.4085875978136624 -0.2901756708362697 0.28542107810610773 4.026217546896847 -2073.5406762123225
-1.8327000814660188 -2.2748315110888884 -0.994702432136223 -2.4490251586600276 -268.9593645076625
1.842461239541917 -0.768272184005605 2.1475416888562684 0.8533737022952161 11.767211497158057
-2.681070175581705 4.833281388781035 -2.593366868330451 -1.9398472647772702 -116.832016032356
-1.7547806273355304 2.7746317770708995 -0.5907809901808321 -2.863761157659974 -539.5987975944228
-2.2797204024068165 1.8676421479273255 4.840248711450894 2.294379670943796 -209.92863604929076
3.2925794090099085 1.8883078850059931 2.711904582206385 3.5639825838140755 -1269.8798812250757
