1.2055043356189916 4.573488923610059 -15.387474288047862
-4.347996946609246 -4.045936202384256 53.99389970498368
0.9605408053864313 -1.0465721076138168 6.0315657080800955
-1.3561638296507916 4.348693918163978 -13.716415006949708
-1.9650623056099006 -1.4850183047414554 13.663012948823617
0.3642307644916194 -1.8089584066600906 7.5011617262446615
-3.357199159369028 -4.813922220648289 41.797261273929365
-2.072150131020045 1.4998431254978577 2.588239828981351
0.9362754209525228 -2.5716592162163776 12.039860192625158
-2.4308165359584057 -1.2848989825115051 16.957333993023667
